Alphonsus      1450 2364 -2.846  -13.388
Ammonius       1450 2496 -0.826   -8.251
Albategnius    1582 2471  4.009  -11.240
Klein          1560 2446  2.526  -11.986
ParrotC        1582 2277  1.230  -18.569
GyldenC        1498 2618  0.988   -5.904
HypparchusK    1507 2560  2.156   -6.968
Theophilus     2071 2648  26.285 -11.452
Rosse          2304 2427  34.981 -17.948
WaltherA       1676 1961   0.750 -32.430
Miller         1717 1818   0.783 -39.372
Pallas         1299 2821  -1.653   5.476
BodeB          1235 2884  -3.084   8.736
BodeA          1277 2908  -1.178   8.997
Ukert          1348 2901   1.366   7.708
Chladni        1379 2813   1.117   3.987
Triesnecker    1435 2840   3.599   4.181
Agrippa        1594 2898  10.474   4.096
Godin          1610 2840  10.158   1.824
Dyonisus       1760 2923  17.293   2.773
Menelaus       1585 3214  15.929  16.259
Manilius       1455 3120   9.074  14.452
MonsPiton       989 3547  -0.923  40.717
Alphonsus       1451 2364 -2.846 -13.388
Arzachel	1509 2254 -1.930 -18.264
Alpertragius	1433 2286 -4.510 -16.048
Ammonius	1447 2497 -0.826  -8.521
Thebit		1498 2151 -4.016 -22.011
ThebitA		1473 2154 -4.927 -21.580
Purbach		1570 2091 -2.030 -25.512
PurbachG	1541 2120 -2.808 -23.939
LaCaille	1622 2158  1.084 -23.676
Blanchinus	1663 2132 2.444 -25.316
Werner 		1703 2080 3.293 -28.026
Regiomontanus 	1611 2034 -1.086 -28.279
Walther		1684 1947 0.616 -33.248
Aliacensis	1753 2036 5.131 -30.595
Lexell		1602 1857 -4.265 -35.775
LexellD		1673 1872 -0.753 -36.176
Miller		1719 1816 0.783 -39.372
Nasireddin	1718 1779 0.143 -41.039
Huggins		1684 1765 -1.519 -41.069
Saussure	1662 1707 -3.885 -43.378
Proctor		1661 1643 -5.044 -46.429
Maginus		1673 1576 -5.984 -50.034
Stofler		1809 1815 5.927 -41.242
Faraday		1868 1810 8.747 -42.446
Fernelius	1791 1876 4.859 -38.178
Krusenstern	1739 2139 5.758 -26.300	
Playfair	1776 2222 8.445 -23.560
Faye		1665 2234 3.812 -21.394
Donati		1689 2260 5.101 -20.694
Argelander	1671 2364 5.801 -16.549
Vogel 		1662 2399 5.831 -15.107
Burnham		1683 2439 7.251 -13.921
Klein		1559 2445 2.526 -11.986
Albathnius	1583 2472 4.009 -11.240
Ritchey		1688 2517 8.477 -11.129
Halley 		1601 2567 5.730 -8.049
Hind		1637 2583 7.306 -7.918
Muller		1510 2545 2.039 -7.639
Herschel	1398 2552 -2.085 -5.686
Gyleden		1449 2583 0.232 -5.374
Hipparchus	1553 2636 4.913 -5.356
Horrocks	1567 2665 5.849 -3.989
Pickering	1584 2704 6.992 -2.876
Azophi		1859 2287 12.696 -22.193
Abenezra	1837 2309 11.891 -20.994
Geber		1868 2361 13.848 -19.461
Almanon		1879 2433 15.135 -16.846
Tacitus		1953 2478 18.949 -16.205
Fermat 		2008 2326 19.792 -22.711
Pons		2050 2275 21.552 -25.435
Abulfeda	1833 2497 13.910 -13.865
Descartes	1854 2565 15.667 -11.743
Andel 		1770 2567 12.383 -10.414
Kant 		1941 2624 20.198 -10.624
IbnRushid	1981 2611 21.713 -11.687
Cyrillus 	2035 2583 24.065 -13.291
Theophilus	2070 2647 26.285 -11.452
Catharina	2054 2470 23.552 -17.980
Beaumont	2160 2501 28.823 -18.081
Fracastorius	2244 2448 33.070 -21.359
Bohnenberger	2340 2614 40.056 -16.238
Madler		2132 2680 29.759 -11.041
Isidorus	2184 2779 33.501 -7.963
Rhaeticus	1511 2752 4.924 0.032
Lade		1639 2766 9.990 -1.326
Godin		1611 2842 10.158 1.824
Agrippa		1597 2897 10.474 4.096
Tempel		1630 2899 11.857 3.761		
Chladni		1379 2812 1.117 3.987
Murchison	1339 2825 -0.205 5.067
Pallas		1300 2821 -1.653 5.476
Bode		1267 2844 -2.452 6.710
Manilius	1460 3118 9.074 14.452
Boscovich	1552 3035 10.011 9.711
JuliusCaesar	1642 3046 15.211 9.166
Sosigenes	1708 3063 17.596 8.700
Maclear		1742 3122 20.105 10.522
Ross		1762 3159 21.737 11.669
Plinius		1756 3251 23.607 15.357
Auwers		1628 3199 17.118 14.997
Menelaus	1588 3213 15.929 16.259
SulpiciusGallus	1456 3252 11.679 19.626
AlBakri		1700 3206 20.245 14.355
Dawes 		1785 3309 26.343 17.208
Archimedes	1021 3329 -3.993 29.717
Autolycus	1125 3390 1.486 30.649
Aristillus	1091 3446 1.208 33.88
Theaetetus	1152 3537 6.055 37.011
Cassini 	1090 3575 4.644 40.250
MonsPiton	 989 3549 -0.923 40.717
Calippus	1215 3602 10.718 38.925
Eudoxus		1242 3712 16.226 44.266
Aristoteles	1173 3789 17.320 50.243
ALPHONSUS         1422  2301              -2.846     -13.388
AMMONIUS          1400  2405              -0.826     -8.521
ARZACHEL          1472  2189              -1.939     -18.264 
ALBATEGNIUS       1560  2411               4.009     -11.240
PARROT            1568  2323               3.292     -14.573
HIPPARCHUS        1534  2551               4.913     -5.356
FLAMMARION        1300  2535              -3.733     -3.329
BRUCE             1341  2739               0.374      1.164
ALPETRAGIUSB      1348  2223              -6.877     -15.134
KLEIN             1534  2387               2.526     -11.986
HERSCHEL          1371  2489              -2.085     -5.686
THEOPHILUS        2049  2585               26.285    -11.452
ROSSE             2239  2476               34.981    -17.948
WALTHERA          1647  1892               0.750     -32.430
MILLER            1692  1754               0.783     -39.372
PALLAS            1280  2862              -1.653      5.476
BODEB             1217  2887              -3.084      8.736
BODEA             1242  2896              -1.178      8.997
CHLADNI           1322  2837               1.117      3.987
TRIESNECKER       1359  2789               3.599      4.181
AGRIPPA           1594  2913               10.474     4.096
GODIN             1570  2838               10.158     1.824 
DIONYSIUS         1741  2863               17.293     2.773
MENELAUS          1561  3154               15.929     16.259
MANILIUS          1432  3057               9.074      14.452
PITONA            910   3505              -0.952      39.834
ARISTOTELES       1154  3727               17.320     50.243
EUDOXUS           1221  3650               16.226     44.266
LACUSMORTIS       1380  3721               27.319     45.135
PLANAC            1404  3689               27.136     42.796
PLANA             1436  3691               28.221     42.254
MASON             1459  3702               30.509     42.700
GROVE             1524  3684               32.983     40.303
HERCULES          1494  3783               39.213     46.822
RIMAEATLAS        1556  3807               44.418     46.819
ATLASA            1628  3805               49.558     45.341
CEPHEUS           1685  3739               45.781     40.681
FRANKLIN          1741  3721               47.640     38.729
ISIDORUSA         2153  2718               33.210    -8.063
CAPELLA           2179  2735               34.916    -7.648
MADLER            2109  2621               29.759    -11.041
SABINE            1814  2851               20.066     1.377
RITTER            1787  2854               19.171     1.958
THEAETETUS        1131  3470               6.055      37.011
CASSINI           1068  3524               4.644      40.250
MONSPITON         969   3485              -0.923      40.717
PIAZZISMYTH       908   3488              -3.243      41.914
KIRCH             893   3432              -5.622      39.265
PURBACH           1545  2030              -2.030     -25.512
LACAILLE          1596  2093               1.084     -23.676
PURBACHG          1515  2063              -2.808     -23.939
PURBACHD          1534  2093              -1.572     -22.879
LACAILLEA         1570  2111              -0.401     -22.868
LACAILLEP         1540  2131              -0.018     -22.415
PURBACHE          1530  2110              -0.727     -21.682
LACAILLEK         1585  2155               0.523     -20.971
LACAILLEB         1593  2177               1.368     -20.965
LACAILLEG         1617  2196               1.968     -20.522
FAYEA             1644  2173               3.124     -21.204
FAYE              1654  2168               3.812     -21.394
DONATI            1670  2198               5.101     -20.694
DONATIA           1651  2219               4.486     -19.698
MORETUS           1740  1243              -5.947     -70.635
CYSATUS           1758  1313              -6.338     -66.208
DELUC             1710  1450               2.975     -55.016
DELUCT            1718  1432               3.132     -55.888
DELUCD            1731  1411                2.447    -56.381
MAGINUSD          1688  1571               -2.294    -47.921 
MAGINUSE          1706  1556               -1.721    -49.080
PROCTOR           1638  1579               -5.044    -46.429
PROCTORE          1639  1609               -5.157    -45.422
PICTETA           1571  1588               -7.931    -45.014
PICTET            1572  1611               -7.492    -43.564
SAUSSURE          1639  1645               -3.885    -43.378 
SAUSSUREE         1670  1638               -2.161    -44.670
SAUSSUREA         1693  1659               -0.544    -43.816
SAUSSUREC         1697  1641               -0.677    -44.859
SAUSSURECA        1699  1631               -0.592    -45.301   
LICETUSF          1731  1626                0.939    -46.068
SAUSSURED         1722  1603                0.151    -47.015
NASIREDDIN        1692  1715                0.143    -41.039
HUGGINS           1652  1701               -1.519    -41.069
ORONTIUS          1604  1697               -3.960    -40.369
ORONTIUSF         1602  1722                3.930    -39.226
ORONTIUSC         1602  1769                4.106    -37.968
LEXELLA           1636  1793               -1.386    -36.920 
LEXELLB           1566  1761               -3.407    -37.268
LEXELL            1580  1793               -4.265    -35.775
STOFLERJ          1734  1711                2.492    -42.111
STOFLERR          1716  1687                1.732    -42.252
STOFLERG          1733  1683                1.910    -43.397
LICETUSJ          1738  1658                3.114    -44.273
LICETUS           1823  1642                6.543    -47.190
HERACLITUSD       1814  1575                5.140    -50.506
HERACLITUS        1813  1600                6.420    -49.305
CUVIERH           1857  1623                8.434    -48.693 
CUVIERD           1827  1560                7.749    -51.409
CURTIUSF          1842  1331               -2.652    -66.861
LILIUSC           1796  1497               -3.250    -54.419
Alphonsus	  1450   2364   -2.884   -13.377
Ammonius	  1451	 2495	-0.826	 -8.521
Aristoteles	  1177	 3787	17.320	 50.243
Eudoxus	 	  1237	 3712	16.226	 44.266
Hercules	  1514	 3851	39.213	 46.822
Atlas		  1576	 3868	44.328	 46.740
Posidonius	  1642	 3604	29.991	 31.878
Archimedes	  1024	 3327	-3.993	 29.717
Aristillus	  1088	 3445	1.208	 33.881
Autolycus	  1125	 3390	1.486	 30.676
Cassini		  1087	 3579	4.644	 40.250
Mitchell	  1221	 3797	20.171	 49.770
Galle		  1163	 3866	22.329	 55.873
Archytas	  928	 3813	4.992	 58.866
Protagoras	  975	 3797	7.341	 56.018
Burg		  1406	 3784	28.208	 45.073
PlanaC		  1427	 3750	27.136	 42.796
Calippus	  1213	 3604	10.718	 38.925
Alexander	  1244	 3642	13.693	 40.252
Theaetetus	  1125 	 3390	6.055	 37.011
Conon		  1225   3214	1.950	 21.657
Manilius	  1456	 3119	9.074	 14.452
Bessel		  1562	 3340	17.920	 21.734
SulpiciusGallus	  1455 	 3251	11.679	 19.626
Menelaus	  1586	 3214	15.929	 16.259
Plinius		  1753	 3251	23.607	 15.357
Dawes	  	  1785	 3309	26.343	 17.208
Jansen		  1807	 3170	28.641	 13.552
Ross		  1761 	 3157	21.737	 11.669
AlBakri		  1699	 3207	20.245	 14.335
Maclear		  1740	 3121	20.105	 10.522
Carrel		  1844	 3140	26.680	 10.665
Manners		  1804	 2986	19.995	 4.570
Arago		  1816	 3031	21.426	 6.149
Maskelyne	  2030	 3000	30.044	 2.156
Ritter		  1811	 2918	19.171	 1.958
Sabine 		  1834	 2911	20.066	 1.377
Thebit		  1498	 2154	-4.016	 -22.011
Alpetragius	  1435	 2286	-4.510	 -16.048
ThebitA		  1474	 2154	-4.927	 -21.580
Purbach		  1567	 2093	-2.030	 -25.512
Werner		  1697	 2080	3.293	 -28.026
Aliacensis	  1749	 2038	5.131	 -30.595
Apianus		  1783	 2137	7.868	 -26.963
Playfair	  1776	 2221	8.445	 -23.560
GemmaFrisius	  1924	 2009	13.368	 -34.328
Goodcare	  1937	 2051	14.075	 -32.675
Faraday		  1869	 1810	8.747	 -42.446
Stofler		  1824	 1817	5.927	 -41.242
Fernelius	  1790	 1873	4.859	 -38.178
Kaiser		  1809	 1915	6.479	 -36.485
Maurolycus	  1953	 1854	13.920	 -41.772
Miller		  1722	 1816	0.783	 -39.372
Nasireddin	  1718	 1780	0.143	 -41.039
Huggins		  1685	 1766	-1.419	 -41.069
Orontius	  1634	 1759	-3.960	 -40.369
Saussure	  1663	 1706	-3.885	 -43.378
Maginus		  1658	 1577	-5.984 	 -50.034
Cuvier		  1900   1662	9.692	 -50.293
Heraclitus	  1854	 1669	6.420	 -49.305
Licetus		  1847	 1707	6.543	 -47.190
Barocius	  1999	 1802	16.806	 -44.979
Buch		  2016	 1939	17.679	 -38.899
Lilius		  1855	 1567	6.094	 -54.602
Jacobi		  1925	 1558	11.304	 -56.815
Mutus		  2086	 1512	29.925	 -63.648
Manzinus	  2021	 1441	26.374	 -67.510
Curtius		  1839	 1376	4.405	 -67.079
Zach		  1853	 1465	5.245	 -60.918
Albategnius	  1583	 2477	4.009	 -11.240
Klein		  1561	 2446	2.526	 -11.986
Herschel	  1396	 2550	-2.058	 -5.686
Horrocks	  1564	 2667	5.849 	 -3.989
Hind		  1634	 2584	7.306	 -7.918
Halley		  1600	 2567	5.730	 -8.049
Hipparchus	  1553	 2622	4.913	 -5.356
Ptolemaeus	  1426	 2468	-1.837	 -9.160
Pickering	  1583	 2701	6.992	 -2.876
Flammarion	  1335	 2592	-3.733	 -3.329
Triesnecker	  1436	 2837	3.599	 4.181
Agrippa		  1595	 2889	10.474	 4.096
Godin		  1611	 2840	10.158	 1.824
Delambre	  1808	 2812	17.394	 -1.939
Boscovich	  1554	 3034	11.011	 9.711
Daniell		  1608	 3668	31.164	 35.420
Keldysh		  1476	 3904	43.467	 51.225
Cepheus		  1705	 3802	45.781	 40.681
Franklin	  1767	 3784	47.640	 38.729
Proclus		  2140	 3398	46.894	 16.088
Macrobius	  2051	 3497	45.970	 21.256
Picard		  2260	 3392	54.724	 14.566
Tisserand	  2075	 3509	48.167	 21.413
Romer		  1844	 3526	36.405	 25.426
Newcomb		  1818	 3581	43.667	 29.762
GBond		  1731	 3648	36.322	 32.387
Abulfeda	  1832   2495	13.910   -13.865
Almanon1	  1878   2435	15.170   -16.590
Geber		  1866	 2361	13.848   -19.451
Azophi		  1858   2287	12.696   -22.193
Abenezra	  1836   2310	11.891   -20.994
Archytas           917 3813  4.992 58.866
Protagoras         975 3795  7.341 56.018
EgedeA            1064 3767 10.496 51.570
Egede             1097 3735 10.636 48.717
Aristoteles       1175 3788 17.320 50.243
Exodus            1242 3711 16.226 44.266
ExodusD           1202 3682 13.218 43.351
Lamech            1208 3673 13.151 42.789
CassiniE          1109 3638  7.336 42.977
CassiniC          1130 3623  7.803 41.758
CassiniA          1090 3585  4.776 40.514
Cassini           1088 3574  4.644 40.250
CassiniB          1079 3569  3.871 40.022
CassiniF          1136 3607  7.282 40.918
Theaetetus        1150 3536  6.055 37.011
Aristillus        1086 3444  1.208 33.881
Autolycus         1123 3389  1.486 30.676
Archimedes        1022 3325 -3.993 29.717
Conon             1225 3215  1.950 21.657
Galen             1288 3245  4.961 21.955
SulpiciusGallus   1457 3251 11.679 19.626
Bessel            1562 3342 17.920 21.734
Menelaus          1586 3214 15.929 16.259
Manilius          1457 3119  9.074 14.452
Ukert             1348 2901  1.366 7.708
Bode              1269 2842 -2.452 6.710
PallasA           1277 2828 -2.345 5.966
Pallas            1297 2821 -1.653 5.476
PallasC           1322 2803 -1.121 4.488
Chladni           1379 2812  1.117 3.987
Triesnecker       1436 2838  3.599 4.181
HerschelC         1363 2558 -3.181 -5.011
Herschel          1394 2551 -2.085 -5.686
Ptolemaeus        1432 2461 -1.837 -9.160
Ammonius          1450 2496 -0.826 -8.521
Muller            1510 2544  2.039 -7.639
HipparchusK       1508 2561  2.156 -6.968
MullerA           1517 2532  2.132 -8.140
HipparchusJ       1537 2556  3.198 -7.585
MullerO           1522 2542  2.409 -7.895
HipparchusQ       1537 2531  2.868 -8.500
Albategnius       1586 2473  4.009 -11.240
Klein             1559 2446  2.526 -11.986
Alphonsus         1449 2363 -2.846 -13.388
Alpetragius       1434 2284 -4.510 -16.048
ArzachelA         1517 2266 -1.510 -18.065
Arzachel          1509 2254 -1.930 -18.264
Purbach           1566 2090 -2.030 -25.512
Thebit            1499 2150 -4.016 -22.011
ThebitA           1471 2154 -4.927 -21.580
PurbachG          1541 2119 -2.808 -23.939
LaCaille          1620 2157  1.084 -23.676
Blanchinus        1661 2130  2.444 -25.316
Werner            1699 2076  3.293 -28.026
Aliacensis        1749 2036  5.131 -30.595
PurbachB          1531 2040 -4.257 -26.976
PurbachC          1532 2021 -4.650 -27.742
Deslandres        1544 1895 -5.572 -32.554
Hell              1506 1894 -7.798 -32.415
Lexell            1601 1856 -4.265 -35.775
LexellB           1627 1828 -3.407 -37.268
LexellA           1662 1850 -1.386 -36.920
Walther           1675 1945  0.616 -33.248
MillerA           1730 1860  1.785 -37.686
NoniusB           1724 1901  2.032 -35.896
Orontius          1632 1757 -3.960 -40.369
Huggins           1683 1764 -1.519 -41.069
Nasireddin        1716 1776  0.143 -41.039
Miller            1720 1810  0.783 -39.372
Saussure          1663 1706 -3.885 -43.378
Pictet            1596 1670 -7.492 -43.564
Proctor           1661 1645 -5.044 -46.429
Maginus           1661 1577 -5.984 -50.034
MaginusK          1678 1632 -3.921 -47.323
MaginusD          1717 1635 -2.294 -47.921
DelucJ            1716 1534 -4.129 -55.415
Deluc             1737 1512 -2.975 -55.016
DelucH            1746 1531 -2.129 -54.196
DelucD            1745 1494 -2.447 -56.381
DelucF            1756 1439 -3.074 -60.117
DelucG            1800 1436  0.662 -61.551
CysatusC          1801 1405  0.467 -63.886
CysatusA          1786 1402 -0.849 -64.318
Curtius           1843 1378  4.405 -67.079
Moretus           1762 1303 -5.947 -70.635
Short             1773 1270 -7.684 -74.537
Zach              1850 1462  5.245 -60.918
ZachF             1828 1467  3.305 -60.162
ZachD             1884 1459  7.845 -62.119
ZachA             1853 1441  4.992 -62.611
CurtiusB          1845 1420  4.630 -63.757
ZachE             1865 1492  6.212 -59.543
Jacobi            1925 1557 11.304 -56.815
JacobiJ           1911 1533 10.277 -57.965
JacobiF           1902 1517  9.558 -58.664
Stofler           1816 1816  5.927 -41.242
Faraday           1869 1811  8.747 -42.446
FaradayC          1863 1787  8.043 -43.325
StoflerF          1806 1780  4.918 -42.703
Licetus           1848 1703  6.543 -47.190
Cuvier            1902 1663  9.692 -50.293
Heraclitus        1857 1663  6.420 -49.305
HeraclitusD       1838 1635  5.140 -50.506
Abulfeda          1833 2494 13.910 -13.865
Almanon           1877 2433 15.135 -16.845
Cyrillus          2037 2580 24.065 -13.291
Catharina         2052 2461 23.552 -17.980
Theophilus        2069 2648 26.285 -11.452
Madler            2132 2681 29.759 -11.041
Isidorus          2184 2779 33.501 -7.963
Torricelli        2062 2830 28.404 -4.720
Capella           2205 2799 34.916 -7.648
Burg              1404 3782 28.208 45.073
Hercules          1517 3849 39.213 46.822
Atlas             1573 3866 44.382 46.740
Posidonius        1642 3608 29.991 31.878
Daniell           1606 3669 31.164 35.4420
Grove             1553 3748 32.983 40.303
PlanaC            1428 3750 27.136 42.796
Cepheus           1708 3801 45.781 40.681
Franklin          1768 3785 47.640 38.729
Maury             1698 3734 39.691 37.109
MauryA            1748 3726 41.903 35.993
GBond             1735 3648 36.322 32.387
Plinius           1752 3253 23.607 15.357
Ross              1764 3159 21.737 11.669
Arago             1816 3031 21.426 6.149
Maskelyne         2028 3000 30.044 2.156
Madler            2134 2680 29.759 -11.041
Rosse             2265 2544 34.981 -17.948
Santbech          2420 2516 44.060 -20.988
Fracastorius      2245 2443 33.070 -21.359
Arzachel      1515   2258   -1.930   -18.264
Thebit        1495   2153   -4.016   -22.011
Herschel      1394   2552   -2.085   -5.685
Albategnius   1594   2474    4.009   -11.240
Klein         1561   2448    2.526   -11.986
Gylden        1447   2583    0.232   -5.374
Autolycus     1125   3389    1.486    30.676
Sporer        1389   2588   -1.775   -4.303
ParrotC       1585   2278    1.230   -18.569
Purbach       1570   2094   -2.030   -25.512
PurbachG      1539   2120   -2.808   -23.939
Werner        1699   2078    3.293   -28.026
Aliacensis    1752   2034    5.131   -30.595
Horrocks      1567   2666    5.849   -3.989
Muller        1510   2546    2.039   -7.639
Rhaeticus     1509   2752    4.924    0.032
Triesnecker   1436   2839    3.599    4.181
Godin         1611   2841    10.158   1.824
Agrippa       1596   2897    10.474   4.096
Hipparchus    1560   2625    4.913   -5.356
Walther       1680   1948    0.616   -33.248
Orontius      1640   1767   -3.960   -40.369
Miller        1723   1821    0.783   -39.372
Stofler       1826   1815    5.927   -41.242
Faraday       1876   1811    8.747   -42.446
Maginus       1676   1576   -5.984   -50.034
Regiomontanus 1611   2036   -1.086   -28.279
Murchison     1342   2826   -0.205    5.067
Ukert         1348   2901    1.366    7.708
Manilius      1456   3120    9.074    14.452
Boscovich     1552   3035    11.011   9.711
Pallas        1302   2824   -1.653    5.476
VogelB        1652   2416    5.688   -14.419
Vogel         1661   2400    5.831   -15.107
Argelander    1672   2363    5.801   -16.549
Abulfeda      1834   2498    13.910  -13.865
AlphonsusD    1508   2342   -0.852   -15.051
Aristillus    1086   3445    1.208    33.881
Archimedes    1020   3327   -3.993    29.717
Theaetetus    1149   3537    6.055    37.011
CassiniA      1089   3584    4.776    40.514
Calippus      1215   3601    10.718   38.925
Conon         1224   3224    1.950    21.657
Menelaus      1586   3214    15.929   16.254
Maurolycus    1957   1853    13.920  -41.772
Licetus       1850   1703    6.543   -47.140
Saussure      1668   1708   -3.885   -43.378
FaradayG      1900   1748    10.053  -45.924
StofferD      1803   1753    4.294   -43.709
HeraclitusD   1839   1636    5.140   -50.506
