Copernicus       1094.7754  1519.6102   -20.100   +9.621
Eratosthenes     1315.4838  1635.0616   -11.317  +14.474
ReinholdB        1044.7217  1386.3823   -21.667   +4.283
Reinhold         1018.3383  1361.5116   -22.867   +3.281
Lansberg          924.7771  1276.6410   -26.633   -0.312
Anaxagoras       1499.5162  2797.2761   -10.167  +73.491
Philolaus        1328.9931  2793.0934   -32.883  +72.222
Anaximenes       1251.0936  2809.2803   -44.983  +72.486
Carpenter        1166.1122  2784.9999   -51.233  +69.516
Pascal           1183.3108  2843.6775   -70.633  +74.357
Plato            1447.3717  2478.4601    -9.383  +51.619
Fontenelle       1369.6006  2680.1704   -18.950  +63.419
FontenelleB      1312.6723  2659.4527   -22.983  +61.900
FontenelleD      1312.4301  2666.4137   -23.450  +62.633
Epigenes         1533.2762  2726.1354    -4.617  +67.497
Bliss            1377.9925  2506.5705   -13.783  +53.043
Anaximander      1119.8907  2755.9712   -51.450  +66.967
Pythagoras        989.2754  2731.7334   -62.983  +63.581
J.Herschel       1110.3768  2672.6041   -41.033  +62.314
Robinson         1030.9304  2644.3266   -46.033  +59.065
Horrebow         1076.8808  2626.6010   -40.933  +58.002
J.HerschelF      1139.5014  2625.8418   -35.500  +58.867
LaCondamineB     1180.6082  2619.4039   -31.667  +58.867
LaCondamine      1171.5253  2527.6433   -28.217  +53.537
LaCondamineA     1155.1928  2548.3731   -30.200  +64.433
Maupertuis       1145.8194  2456.5865   -27.283  +49.697
Bianchini        1035.6061  2449.4654   -34.367  +48.781
Bouguer          1056.2862  2518.3338   -36.817  +52.322
Foucault          977.8391  2490.5104   -39.867  +60.459
Harpalus          967.9782  2536.8760   -43.633  +52.732
Sharp             918.3593  2402.7959   -40.217  +45.751
Mairan            825.6280  2328.2705   -43.633  +41.597
MairanA           866.6730  2256.0617   -38.783  +38.633
Helicon          1153.1490  2266.8125   -23.100  +40.431
LeVerrier        1199.1005  2265.1337   -20.617  +40.327
BabbageA          949.2822  2656.9813   -55.650  +59.150
OenopideY         841.6760  2639.5067   -63.483  +57.017
Markov            780.9750  2580.6452   -62.833  +53.433
MarkovE           763.9964  2531.5073   -60.283  +50.667
Harding           550.8959  2427.6400   -71.650  +43.540
LavoisierA        431.3650  2297.3266   -73.267  +36.967
Lichtenberg       405.7806  2177.4837   -67.717  +31.854
BriggsB           337.1240  2104.4700   -70.900  +28.150
Briggs            329.5230  2063.4251   -69.183  +26.453
Russell           286.1978  2092.3086   -75.550  +26.512
Eddington         254.9175  1942.3870   -72.100  +21.503
Seleucus          300.2758  1922.7779   -66.667  +21.091
Aristarchus       579.5002  1930.8714   -47.483  +23.730
Herodotus         553.9641  1917.7195   -49.900  +23.254
Krafft            207.5912  1833.1868   -72.717  +16.568
Cardanus          182.9991  1746.1821   -72.500  +13.272
Kepler            681.5345  1515.5832   -38.100   +8.121
KeplerA           719.6662  1486.5832   -36.117   +7.133
Encke             700.1928  1420.6248   -36.683   +4.571
Reiner            308.5328  1555.5139   -54.933   +6.920
Grimaldi          186.1005  1248.9204   -68.367   -5.375
Riccioli          126.4112  1337.9465   -74.417   -2.900
Flamsteed         543.4607  1206.1090   -44.333   -4.491
Letronne          592.3801  1045.6636   -42.483  -10.501
Billy             457.7252   995.5853   -50.233  -13.532
MonsFlamarion     452.1609  1031.1966   -50.217  -12.195
Cruger            245.1706   971.1026   -66.967  -16.677
Zupus             439.1296   916.6760   -52.367  -17.178
Gassendi          660.4806   871.0593   -39.950  -17.565
GassendiA         654.4649   923.5945   -39.800  -16.550
Mersenius         513.2144   804.7041   -49.467  -21.493
Liebig            547.7127   741.2716   -48.300  -24.354
Vieta             464.2489   645.5664   -56.533  -29.311
MareHumorum       722.4303   713.4503   -38.567  -24.478
RupesKelvin       841.5054   622.1966   -33.267  -28.028
Campanus          952.0507   615.0541   -27.900  -28.043
Mercator          993.3160   586.3153   -26.117  -29.254
Capuanus         1003.4348   490.2055   -26.733  -34.093
Ramsden           900.2432   520.5560   -31.867  -32.956
Bullialdus       1049.6637   769.3901   -22.267  -20.748
Konig            1008.1848   693.5139   -24.683  -24.228
Hainzel           932.9931   368.9905   -33.517  -41.232
Schiller          937.7011   221.3643   -39.783  -51.724
Schickard         673.5795   353.9718   -55.100  -44.379
Phocylides        791.9464   218.4064   -57.317  -52.792
Inghirami         592.4393   341.9251   -68.950  -47.495
Zucchius          960.2034   114.9620   -50.650  -61.302
Bettinus         1034.0562    89.5699   -45.283  -63.397
Kircher          1084.6404    57.1961   -45.483  -67.008
Longomontanus    1193.3086   224.2999   -21.883  -49.552
Noggerath         834.9370   267.8013   -45.850  -48.820
Wilhelm          1167.9591   321.2803   -20.933  -43.213
Tycho            1340.9558   303.0700   -11.217  -43.266
Clavius          1341.9675   102.7568   -14.733  -58.623
Blancanus        1280.2548    60.2662   -21.633  -63.770
Sasserides       1372.9628   372.2803    -9.450  -39.278
Deslandres       1448.1027   497.3625    -5.567  -32.554
Hell             1400.3614   501.0349    -7.800  -32.415
Regiomontanus    1553.0682   562.5004    -1.083  -28.273
Purbach          1534.7061   637.5866    -2.033  -25.512
Thebit           1481.2234   716.2417    -4.017  -22.011
Birt             1374.8664   714.5219    -8.600  -22.364
Nicollet         1280.6349   728.2036   -12.633  -21.948
Wolf             1189.5970   712.2013   -16.633  -22.706
Alphonsus        1509.2406   913.9832    -2.850  -13.388
Arzachel         1536.1716   808.7075    -1.933  -18.264
Ptolemaeus       1531.2751  1025.3795    -1.833   -9.160
Davy             1383.5546   958.0521    -8.150  -11.847
Herschel         1534.9131  1109.6038    -2.083   -5.686
Lalande          1371.2235  1146.1901    -8.633   -4.456
Guericke         1228.7130   973.3164   -14.183  -11.566
Parry            1187.3260  1065.2875   -15.783   -7.883
FraMauro         1156.0558  1114.9519   -16.983   -6.061
Lansberg          925.1469  1272.1538   -26.633   -0.312
Archimedes       1510.5309  2009.3945    -3.983  +29.717
Timocharis       1301.6609  1943.2215   -13.100  +26.717
Lambert          1123.0156  1928.5756   -20.983  +25.772
Pytheas          1108.7389  1798.3720   -20.617  +20.567
Euler             928.6372  1980.7766   -29.183  +23.263
MonsVinogradov    856.4132  1862.4145   -32.517  +22.358
Brayley           759.7065  1837.9318   -36.933  +20.896
Diophantus        852.7408  1998.2936   -34.300  +27.619
Delisle           864.9822  2052.1556   -34.683  +29.883
Harpalus2         962.6028  2536.2760   -43.633  +52.732
MairanN2          821.8272  2326.9487   -43.633  +41.597
Sharp2            918.5339  2405.2934   -40.217  +45.751
Wichmann          674.0075  1115.9210   -38.133   -7.535
Norman            847.3304   994.5150   -30.350  -11.781
Herigonius        769.8010   964.1113   -33.933  -13.366
Letronne2         586.7157  1044.3605   -42.483  -10.501
Euclides          859.6937  1098.6338   -29.567   -7.401
