Copernicus	-419.4691607429418	85.87946808430421	-20.1	9.621
Eratosthenes	-199.73215875008324	200.78693320692668	-11.317	14.474
ReinholdB	-469.318492785283	-46.75003570545837	-21.667	4.283
Reinhold	-495.60052438699216	-71.51211525114351	-22.867	3.281
Lansberg	-588.831620763466	-156.02912732589527	-26.633	-0.312
Anaxagoras	-16.598137542389725	1361.5141847391942	-10.167	73.491
Philolaus	-186.83154907385816	1357.4324196721022	-32.883	72.222
Anaximenes	-264.6666797641164	1373.9472628285434	-44.983	72.486
Carpenter	-349.5080920092653	1349.6363178285542	-51.233	69.516
Pascal	-332.5551843300375	1409.1582382691806	-70.633	74.357
Plato	-68.54433828370664	1041.6563518861008	-9.383	51.619
Fontenelle	-146.18238716653656	1243.7582836686454	-18.95	63.419
FontenelleB	-202.95742248975313	1223.0127644756951	-22.983	61.9
FontenelleD	-203.2061716960556	1229.9995222747152	-23.45	62.633
Epigenes	17.093728459312143	1289.8784093635525	-4.617	67.497
Bliss	-137.70979909869243	1069.798504413958	-13.783	53.043
Anaximander	-395.6045478901894	1320.4644183409328	-51.45	66.967
Pythagoras	-526.1059085384264	1296.51236542907	-62.983	63.581
J.Herschel	-404.8790369275692	1236.5501444938304	-41.033	62.314
Robinson	-484.15327530910105	1208.338779550886	-46.033	59.065
Horrebow	-438.2193020747905	1190.4237979727775	-40.933	58.002
J.HerschelF	-375.70551820615185	1189.533495937572	-35.5	58.867
LaCondamineB	-334.6707106181928	1183.0046348054084	-31.667	58.867
LaCondamine	-343.6005709490015	1091.0689565434632	-28.217	53.537
LaCondamineA	-359.9213365056012	1111.850308008472	-30.2	64.433
Maupertuis	-369.1487585777587	1019.9960855787134	-27.283	49.697
Bianchini	-479.0749085732102	1013.0302769580362	-34.367	48.781
Bouguer	-458.55830741749224	1081.9262585447957	-36.817	52.322
Foucault	-536.8021177666191	1054.2175375511974	-39.867	60.459
Harpalus	-546.7514541600696	1100.687160644467	-43.633	52.732
Sharp	-595.9990818191658	966.558456902957	-40.217	45.751
Mairan	-688.4304702237514	892.2259146622823	-43.633	41.597
MairanA	-647.3212114380799	819.9967638725705	-38.783	38.633
Helicon	-361.64909668317244	830.3806601547773	-23.1	40.431
LeVerrier	-315.8531322522236	828.6691971401693	-20.617	40.327
BabbageA	-565.7893642244187	1221.324777610892	-55.65	59.15
OenopideY	-673.3710117095197	1204.2033338016702	-63.483	57.017
Markov	-733.856356193374	1145.2550544303178	-62.833	53.433
MarkovE	-750.6320852864756	1095.9529359259623	-60.283	50.667
Harding	-963.7107871952804	992.7146994757203	-71.65	43.54
LavoisierA	-1083.0614231539728	862.6168579350658	-73.267	36.967
Lichtenberg	-1108.1688339125328	742.6711702774611	-67.717	31.854
BriggsB	-1176.860586850143	669.8990126631719	-70.9	28.15
Briggs	-1184.3330898247355	628.868443199642	-69.183	26.453
Russell	-1228.0958997777104	657.9754671292176	-75.55	26.512
Eddington	-1258.9496468868922	508.1262156262702	-72.1	21.503
Seleucus	-1213.2573511022317	488.3851067652148	-66.667	21.091
Aristarchus	-933.5816789532175	495.90305178395715	-47.483	23.73
Herodotus	-959.0884068406082	482.82138494706754	-49.9	23.254
Krafft	-1306.2750967272668	399.1489821965038	-72.717	16.568
Cardanus	-1330.8360303210914	312.2984449768274	-72.5	13.272
Kepler	-831.3763018967802	81.92273517514592	-38.1	8.121
KeplerA	-793.3234281115019	53.03046819759083	-36.117	7.133
Encke	-812.7501756125449	-12.667198086299994	-36.683	4.571
Reiner	-1204.3894231119327	121.84608886816368	-54.933	6.92
Grimaldi	-1327.4718522647715	-184.06492748053893	-68.367	-5.375
Riccioli	-1387.6113788114874	-95.24977579250442	-74.417	-2.9
Flamsteed	-969.315202986642	-226.44608655687856	-44.333	-4.491
Letronne	-920.5732434344352	-386.3393216489483	-42.483	-10.501
Billy	-1055.2841522984904	-436.4601772542378	-50.233	-13.532
MonsFlamarion	-1060.798832542967	-400.9418133634199	-50.217	-12.195
Cruger	-1268.6051802754923	-461.3780476512645	-66.967	-16.677
Zupus	-1074.0467132330762	-515.2423018503065	-52.367	-17.178
Gassendi	-852.7652224983966	-560.3782092120714	-39.95	-17.565
GassendiA	-858.7012097142297	-507.98583584418236	-39.8	-16.55
Mersenius	-1000.1182486966975	-626.875726257697	-49.467	-21.493
Liebig	-965.7447003147411	-690.1504741529645	-48.3	-24.354
Vieta	-1049.659516235358	-786.1013524794521	-56.533	-29.311
MareHumorum	-791.148085189165	-717.5647392959851	-38.567	-24.478
RupesKelvin	-672.4206135235293	-808.4787023568209	-33.267	-28.028
Campanus	-562.1316669021	-815.4424229842055	-27.9	-28.043
Mercator	-521.0121730082105	-844.085047021127	-26.117	-29.254
Capuanus	-511.055230197283	-940.0941762302318	-26.733	-34.093
Ramsden	-613.9736941863964	-909.9300856771272	-31.867	-32.956
Bullialdus	-464.6456375226704	-661.3406964314761	-22.267	-20.748
Konig	-506.06113313967734	-737.0637378007827	-24.683	-24.228
Hainzel	-581.594650860595	-1061.5112525603697	-33.517	-41.232
Schiller	-577.3250905641282	-1209.6358393565486	-39.783	-51.724
Schickard	-841.1047341338492	-1077.5002521422684	-55.1	-44.379
Phocylides	-723.2492346728045	-1213.3447476286105	-57.317	-52.792
Inghirami	-922.6657918695821	-1090.1894372531815	-68.95	-47.495
Zucchius	-555.3223267084331	-1316.914066394058	-50.65	-61.302
Bettinus	-481.5318696019604	-1342.2228300871477	-45.283	-63.397
Kircher	-431.09400442065777	-1374.8400183184156	-45.483	-67.008
Longomontanus	-322.03355749309446	-1206.0396249331538	-21.883	-49.552
Noggerath	-679.9254881385202	-1163.3482005947778	-45.85	-48.82
Wilhelm	-347.1817072342697	-1108.8580154795432	-20.933	-43.213
Tycho	-174.66811107013643	-1126.9174268629392	-11.217	-43.266
Clavius	-173.83856100484533	-1328.0046909923135	-14.733	-58.623
Blancanus	-235.529398108711	-1370.98226261301	-21.633	-63.77
Sasserides	-142.7178229412461	-1057.6288557939681	-9.45	-39.278
Deslandres	-67.7940420748746	-932.5802868485362	-5.567	-32.554
Hell	-115.36227786317103	-928.9237429320743	-7.8	-32.415
Regiomontanus	36.78410645868296	-867.5336794717036	-1.083	-28.273
Purbach	18.48866237047069	-792.6001891350438	-2.033	-25.512
Thebit	-34.77675279708578	-714.1495323445862	-4.017	-22.011
Birt	-140.6998683031136	-715.8812992658264	-8.6	-22.364
Nicollet	-234.55087073072397	-702.2697263956161	-12.633	-21.948
Wolf	-325.2492061117092	-718.2749125200027	-16.633	-22.706
Alphonsus	-6.872796793938952	-517.0683213653083	-2.85	-13.388
Arzachel	19.942294393277876	-621.9688467821965	-1.933	-18.264
Ptolemaeus	15.06274272619241	-406.1150522973621	-1.833	-9.16
Davy	-132.00048621965863	-473.17929258255845	-8.15	-11.847
Herschel	18.682972995551598	-322.24977980417657	-2.083	-5.686
Lalande	-144.25383002603496	-285.83113218710184	-8.633	-4.456
Guericke	-286.17146778302083	-458.00989345756295	-14.183	-11.566
Parry	-327.3577858882084	-366.4201088435478	-15.783	-7.883
FraMauro	-358.48393102279886	-316.97163170790947	-16.983	-6.061
Lansberg	-588.464104797628	-160.49728180593354	-26.633	-0.312
Archimedes	-5.588595208265512	573.5541254197323	-3.983	29.717
Timocharis	-213.54613640532216	507.6525980297514	-13.1	26.717
Lambert	-391.45498616909987	493.12587383745444	-20.983	25.772
Pytheas	-405.62228043847654	363.4328721936783	-20.617	20.567
Euler	-585.185807370872	545.2721783940129	-29.183	23.263
MonsVinogradov	-657.1027722517744	427.3635138592454	-32.517	22.358
Brayley	-753.5398684313967	403.04016585005854	-36.933	20.896
Diophantus	-660.8827621431535	562.8054547124519	-34.3	27.619
Delisle	-648.7300855738957	616.5029530781255	-34.683	29.883
Harpalus2	-552.1180499285271	1100.098797613728	-43.633	52.732
MairanN2	-692.2232095076706	890.912505290176	-43.633	41.597
Sharp2	-595.8297658624438	969.0562431896095	-40.217	45.751
Wichmann	-838.995128751849	-316.23688948393783	-38.133	-7.535
Norman	-666.1671144699683	-437.0905585520342	-30.35	-11.781
Herigonius	-743.5255774203664	-467.4593542253292	-33.933	-13.366
Letronne2	-926.2339863551589	-387.64457819531424	-42.483	-10.501
Euclides	-653.7716180024449	-333.34237175333953	-29.567	-7.401