Copernicus	1.8992792370360407	-0.3888464418488548	-20.1	9.621
Eratosthenes	0.9278812298946678	-0.9327813192263112	-11.317	14.474
ReinholdB	2.103647194694811	0.20954976838865721	-21.667	4.283
Reinhold	2.2050155929857054	0.3181702227034629	-22.867	3.281
Lansberg	2.5351192165117613	0.6717581479516553	-26.633	-0.312
Anaxagoras	0.029502437588130908	-2.4200297869588443	-10.167	73.491
Philolaus	0.31919090611982603	-2.319094854051027	-32.883	72.222
Anaximenes	0.3835602158615837	-1.991151697609341	-44.983	72.486
Carpenter	0.5235479707125437	-2.021696697598514	-51.233	69.516
Pascal	0.2778556499404174	-1.1773762569721316	-70.633	74.357
Plato	0.22780169627132535	-3.4618626400520625	-9.383	51.619
Fontenelle	0.36085281344135367	-3.070230857507575	-18.95	63.419
FontenelleB	0.5141174902248091	-3.0980500504577275	-22.983	61.9
FontenelleD	0.5075682839222404	-3.0722922514379074	-23.45	62.633
Epigenes	-0.03863156070999056	-2.91510516260063	-4.617	67.497
Bliss	0.4415408812853925	-3.4301101121947606	-13.783	53.043
Anaximander	0.6485920897885774	-2.1648961852201265	-51.45	66.967
Pythagoras	0.7625314415514866	-1.879149097082888	-62.983	63.581
J.Herschel	0.8880030524086785	-2.7120700323226448	-41.033	62.314
Robinson	1.0601646708768884	-2.6459349752668397	-46.033	59.065
Horrebow	1.0437379051874556	-2.835316553375704	-40.933	58.002
J.HerschelF	0.9369217738259383	-2.9664185885810355	-35.5	58.867
LaCondamineB	0.8649293617852125	-3.05737972074443	-31.667	58.867
LaCondamine	1.0179690309763358	-3.2324579826899114	-28.217	53.537
LaCondamineA	1.0297034743766493	-3.1809065176808557	-30.2	64.433
Maupertuis	1.175681402219109	-3.2485289474394454	-27.283	49.697
Bianchini	1.4628314067676627	-3.0932375681167663	-34.367	48.781
Bouguer	1.2993325624856138	-3.0656559813572293	-36.817	52.322
Foucault	1.5026222133587348	-2.950976974955745	-39.867	60.459
Harpalus	1.4141858199083661	-2.8469538816862414	-43.633	52.732
Sharp	1.7854581608120867	-2.8955576231960336	-40.217	45.751
Mairan	2.0853697562264797	-2.702699863870782	-43.633	41.597
MairanA	2.149628541897984	-2.7230506535827783	-38.783	38.633
Helicon	1.3457432968055427	-3.0899543713757307	-23.1	40.431
LeVerrier	1.190207727754263	-3.1226173859835353	-20.617	40.327
BabbageA	1.0722757555591935	-2.3146369152609867	-55.65	59.15
OenopideY	1.0968282704581427	-1.9614807244826673	-63.483	57.017
Markov	1.3124837866037806	-2.0482600958350794	-62.833	53.433
MarkovE	1.515354693502298	-2.212478600190943	-60.283	50.667
Harding	1.5371527846974335	-1.5834150504325208	-71.65	43.54
LavoisierA	1.7174168260050073	-1.367856591087023	-73.267	36.967
Lichtenberg	2.194406067444941	-1.4706442486920983	-67.717	31.854
BriggsB	2.159253129834871	-1.229101862980847	-70.9	28.15
Briggs	2.287750155242594	-1.2147713265109021	-69.183	26.453
Russell	1.8501402022675915	-0.9912473969352944	-75.55	26.512
Eddington	2.2766930930857496	-0.9188988998827402	-72.1	21.503
Seleucus	2.6106888777459654	-1.0509077609382529	-66.667	21.091
Aristarchus	3.0619610267604065	-1.6264627421958164	-47.483	23.73
Herodotus	3.0913331393696812	-1.5562295790853886	-49.9	23.254
Krafft	2.2775432527108745	-0.695932329649138	-72.717	16.568
Cardanus	2.308709658886601	-0.5417695493255542	-72.5	13.272
Kepler	3.2330380831976524	-0.31857935100710427	-38.1	8.121
KeplerA	3.154211868476011	-0.21084632856219007	-36.117	7.133
Encke	3.2008643674328825	0.04988738754697085	-36.683	4.571
Reiner	3.2216168680452792	-0.3259256579892254	-54.933	6.92
Grimaldi	2.571487715206345	0.35655799330812943	-68.367	-5.375
Riccioli	2.1212611684905704	0.14560968134257574	-74.417	-2.9
Flamsteed	3.3679369933358325	0.7867989169685491	-44.333	-4.491
Letronne	3.1904965455427203	1.3389638248986069	-42.483	-10.501
Billy	3.1344876814872733	1.2964082196092666	-50.233	-13.532
MonsFlamarion	3.184107437010951	1.2034721104271322	-50.217	-12.195
Cruger	2.368059704485682	0.861237822582413	-66.967	-16.677
Zupus	2.9675267469018003	1.4235836235404336	-52.367	-17.178
Gassendi	2.8980174815812454	1.9043762617756483	-39.95	-17.565
GassendiA	2.977730265748301	1.761549629664629	-39.8	-16.55
Mersenius	2.8111912832804475	1.7620592161499247	-49.467	-21.493
Liebig	2.686439665236801	1.9198113208824923	-48.3	-24.354
Vieta	2.235423744619663	1.6741329943948968	-56.533	-29.311
MareHumorum	2.5654547908128453	2.326846177862009	-38.567	-24.478
RupesKelvin	2.2178264564485874	2.6665831170261076	-33.267	-28.028
Campanus	1.9614730778778195	2.8453624896416607	-27.9	-28.043
Mercator	1.8156669717672764	2.9415384527200614	-26.117	-29.254
Capuanus	1.653809782694911	3.042209243615205	-26.733	-34.093
Ramsden	1.9269457935815164	2.8557997967197895	-31.867	-32.956
Bullialdus	1.8345024573073838	2.611089042370972	-22.267	-20.748
Konig	1.897906840300569	2.7642476730642502	-24.683	-24.228
Hainzel	1.5560891193827822	2.8401329134774116	-33.517	-41.232
Schiller	1.1176494158496109	2.341746117298583	-39.783	-51.724
Schickard	1.459605846128614	1.8698333315784608	-55.1	-44.379
Phocylides	0.9482053071732929	1.590737845236394	-57.317	-52.792
Inghirami	1.0387481103958294	1.2273482206656936	-68.95	-47.495
Zucchius	0.618113271544747	1.4658190797891537	-50.65	-61.302
Bettinus	0.5557703780175091	1.5491553866993062	-45.283	-63.397
Kircher	0.40943555932013487	1.305767155431426	-45.483	-67.008
Longomontanus	0.8016824868833662	3.0023605406931106	-21.883	-49.552
Noggerath	1.2813518414576044	2.1923848790690132	-45.85	-48.82
Wilhelm	1.003032745708135	3.203569994303935	-20.933	-43.213
Tycho	0.5199289098415043	3.3544586109079253	-11.217	-43.266
Clavius	0.33777897513256894	2.5803944815334994	-14.733	-58.623
Blancanus	0.359641871266946	2.0934228608369154	-21.633	-63.77
Sasserides	0.46321703873175046	3.4327296798789995	-9.45	-39.278
Deslandres	0.2470979051033739	3.399098625310918	-5.567	-32.554
Hell	0.42016211680684923	3.3832425417726877	-7.8	-32.415
Regiomontanus	-0.14025356133909006	3.30780600214334	-1.083	-28.273
Purbach	-0.07359764955153408	3.155096338803202	-2.033	-25.512
Thebit	0.14368718289202334	2.950653129260773	-4.017	-22.011
Birt	0.577571676864193	2.938686208020642	-8.6	-22.364
Nicollet	0.958069249253894	2.8685590782309207	-12.633	-21.948
Wolf	1.2976338682686976	2.8656729538444115	-16.633	-22.706
Alphonsus	0.030443186038845348	2.29036410853869	-2.85	-13.388
Arzachel	-0.08546562674413812	2.665538691650611	-1.933	-18.264
Ptolemaeus	-0.06851729382977285	1.8473331764849057	-1.833	-9.16
Davy	0.5887537603193302	2.1104928912885517	-8.15	-11.847
Herschel	-0.08628702447050458	1.4883056696703614	-2.083	-5.686
Lalande	0.6665099539428518	1.320653286745144	-8.633	-4.456
Guericke	1.2593721969570808	2.015592016283996	-14.183	-11.566
Parry	1.4600540917694422	1.6342766302993164	-15.783	-7.883
FraMauro	1.6041089571789353	1.4183537659375403	-16.983	-6.061
Lansberg	2.5328351823499173	0.6908036679134356	-26.633	-0.312
Archimedes	0.024344771712396903	-2.4984891064207964	-3.983	29.717
Timocharis	0.9368035746556519	-2.227016496401699	-13.1	26.717
Lambert	1.6732538108780843	-2.107840688698421	-20.983	25.772
Pytheas	1.7826595415012894	-1.59724233247475	-20.617	20.567
Euler	2.320832609105825	-2.1625361321399406	-29.183	23.263
MonsVinogradov	2.6278677282035816	-1.7091006669076834	-32.517	22.358
Brayley	2.8974715485812204	-1.5497486760945267	-36.933	20.896
Diophantus	2.5202778368242846	-2.146259813701059	-34.3	27.619
Delisle	2.4315544060821495	-2.310761448027552	-34.683	29.883
Harpalus2	1.4229900514507785	-2.8353169124247013	-43.633	52.732
MairanN2	2.0934304723072956	-2.6943092359768994	-43.633	41.597
Sharp2	1.7801741175341013	-2.895271336543527	-40.217	45.751
Wichmann	3.141211228128822	1.1839959899091248	-38.133	-7.535
Norman	2.646325510009557	1.736326921812828	-30.35	-11.781
Herigonius	2.8172625596114793	1.7712312485177817	-33.933	-13.366
Letronne2	3.1941536248190494	1.3368072785327871	-42.483	-10.501
Euclides	2.6785219775329243	1.365713720507413	-29.567	-7.401