Copernicus	-421.3684399799779	86.26831452615306	-20.1	9.621
Eratosthenes	-200.6600399799779	201.71971452615298	-11.317	14.474
ReinholdB	-471.4221399799778	-46.95958547384703	-21.667	4.283
Reinhold	-497.8055399799779	-71.83028547384697	-22.867	3.281
Lansberg	-591.3667399799779	-156.70088547384694	-26.633	-0.312
Anaxagoras	-16.627639979977857	1363.934214526153	-10.167	73.491
Philolaus	-187.15073997997797	1359.7515145261532	-32.883	72.222
Anaximenes	-265.05023997997796	1375.9384145261529	-44.983	72.486
Carpenter	-350.03163997997785	1351.6580145261528	-51.233	69.516
Pascal	-332.8330399799779	1410.3356145261528	-70.633	74.357
Plato	-68.77213997997796	1045.1182145261528	-9.383	51.619
Fontenelle	-146.5432399799779	1246.828514526153	-18.95	63.419
FontenelleB	-203.47153997997793	1226.1108145261528	-22.983	61.9
FontenelleD	-203.71373997997784	1233.071814526153	-23.45	62.633
Epigenes	17.132360020022134	1292.793514526153	-4.617	67.497
Bliss	-138.15133997997782	1073.2286145261528	-13.783	53.043
Anaximander	-396.25313997997796	1322.629314526153	-51.45	66.967
Pythagoras	-526.8684399799779	1298.391514526153	-62.983	63.581
J.Herschel	-405.7670399799779	1239.262214526153	-41.033	62.314
Robinson	-485.2134399799779	1210.9847145261529	-46.033	59.065
Horrebow	-439.263039979978	1193.259114526153	-40.933	58.002
J.HerschelF	-376.6424399799778	1192.4999145261531	-35.5	58.867
LaCondamineB	-335.535639979978	1186.0620145261528	-31.667	58.867
LaCondamine	-344.61853997997787	1094.3014145261532	-28.217	53.537
LaCondamineA	-360.95103997997785	1115.0312145261528	-30.2	64.433
Maupertuis	-370.3244399799778	1023.2446145261529	-27.283	49.697
Bianchini	-480.5377399799779	1016.123514526153	-34.367	48.781
Bouguer	-459.8576399799779	1084.9919145261529	-36.817	52.322
Foucault	-538.3047399799779	1057.168514526153	-39.867	60.459
Harpalus	-548.1656399799779	1103.5341145261532	-43.633	52.732
Sharp	-597.7845399799779	969.4540145261531	-40.217	45.751
Mairan	-690.5158399799778	894.9286145261531	-43.633	41.597
MairanA	-649.4708399799779	822.7198145261532	-38.783	38.633
Helicon	-362.994839979978	833.470614526153	-23.1	40.431
LeVerrier	-317.0433399799779	831.7918145261528	-20.617	40.327
BabbageA	-566.8616399799779	1223.639414526153	-55.65	59.15
OenopideY	-674.4678399799778	1206.164814526153	-63.483	57.017
Markov	-735.1688399799779	1147.303314526153	-62.833	53.433
MarkovE	-752.1474399799779	1098.1654145261532	-60.283	50.667
Harding	-965.2479399799779	994.2981145261529	-71.65	43.54
LavoisierA	-1084.7788399799779	863.9847145261529	-73.267	36.967
Lichtenberg	-1110.3632399799778	744.1418145261532	-67.717	31.854
BriggsB	-1179.0198399799779	671.1281145261528	-70.9	28.15
Briggs	-1186.620839979978	630.0832145261529	-69.183	26.453
Russell	-1229.946039979978	658.9667145261528	-75.55	26.512
Eddington	-1261.2263399799779	509.04511452615293	-72.1	21.503
Seleucus	-1215.8680399799778	489.43601452615303	-66.667	21.091
Aristarchus	-936.6436399799779	497.529514526153	-47.483	23.73
Herodotus	-962.1797399799779	484.3776145261529	-49.9	23.254
Krafft	-1308.5526399799778	399.84491452615293	-72.717	16.568
Cardanus	-1333.1447399799779	312.840214526153	-72.5	13.272
Kepler	-834.6093399799779	82.24131452615302	-38.1	8.121
KeplerA	-796.4776399799779	53.24131452615302	-36.117	7.133
Encke	-815.9510399799778	-12.717085473846964	-36.683	4.571
Reiner	-1207.611039979978	122.1720145261529	-54.933	6.92
Grimaldi	-1330.0433399799779	-184.42148547384704	-68.367	-5.375
Riccioli	-1389.7326399799779	-95.395385473847	-74.417	-2.9
Flamsteed	-972.6831399799779	-227.2328854738471	-44.333	-4.491
Letronne	-923.7637399799779	-387.6782854738469	-42.483	-10.501
Billy	-1058.4186399799778	-437.75658547384705	-50.233	-13.532
MonsFlamarion	-1063.9829399799778	-402.145285473847	-50.217	-12.195
Cruger	-1270.973239979978	-462.23928547384696	-66.967	-16.677
Zupus	-1077.014239979978	-516.665885473847	-52.367	-17.178
Gassendi	-855.6632399799779	-562.282585473847	-39.95	-17.565
GassendiA	-861.6789399799779	-509.747385473847	-39.8	-16.55
Mersenius	-1002.9294399799779	-628.637785473847	-49.467	-21.493
Liebig	-968.4311399799778	-692.070285473847	-48.3	-24.354
Vieta	-1051.8949399799778	-787.775485473847	-56.533	-29.311
MareHumorum	-793.7135399799779	-719.891585473847	-38.567	-24.478
RupesKelvin	-674.6384399799779	-811.145285473847	-33.267	-28.028
Campanus	-564.0931399799779	-818.2877854738471	-27.9	-28.043
Mercator	-522.8278399799779	-847.026585473847	-26.117	-29.254
Capuanus	-512.7090399799779	-943.136385473847	-26.733	-34.093
Ramsden	-615.9006399799779	-912.785885473847	-31.867	-32.956
Bullialdus	-466.4801399799778	-663.951785473847	-22.267	-20.748
Konig	-507.9590399799779	-739.827985473847	-24.683	-24.228
Hainzel	-583.1507399799779	-1064.3513854738471	-33.517	-41.232
Schiller	-578.4427399799779	-1211.977585473847	-39.783	-51.724
Schickard	-842.5643399799778	-1079.370085473847	-55.1	-44.379
Phocylides	-724.1974399799778	-1214.935485473847	-57.317	-52.792
Inghirami	-923.7045399799779	-1091.416785473847	-68.95	-47.495
Zucchius	-555.9404399799779	-1318.379885473847	-50.65	-61.302
Bettinus	-482.0876399799779	-1343.771985473847	-45.283	-63.397
Kircher	-431.5034399799779	-1376.145785473847	-45.483	-67.008
Longomontanus	-322.8352399799778	-1209.041985473847	-21.883	-49.552
Noggerath	-681.2068399799779	-1165.540585473847	-45.85	-48.82
Wilhelm	-348.18473997997785	-1112.0615854738471	-20.933	-43.213
Tycho	-175.18803997997793	-1130.271885473847	-11.217	-43.266
Clavius	-174.1763399799779	-1330.585085473847	-14.733	-58.623
Blancanus	-235.88903997997795	-1373.075685473847	-21.633	-63.77
Sasserides	-143.18103997997787	-1061.0615854738471	-9.45	-39.278
Deslandres	-68.04113997997797	-935.9793854738471	-5.567	-32.554
Hell	-115.78243997997788	-932.306985473847	-7.8	-32.415
Regiomontanus	36.92436002002205	-870.841485473847	-1.083	-28.273
Purbach	18.562260020022222	-795.755285473847	-2.033	-25.512
Thebit	-34.9204399799778	-717.100185473847	-4.017	-22.011
Birt	-141.27743997997777	-718.819985473847	-8.6	-22.364
Nicollet	-235.50893997997787	-705.138285473847	-12.633	-21.948
Wolf	-326.5468399799779	-721.1405854738471	-16.633	-22.706
Alphonsus	-6.903239979977798	-519.358685473847	-2.85	-13.388
Arzachel	20.027760020022015	-624.634385473847	-1.933	-18.264
Ptolemaeus	15.131260020022182	-407.962385473847	-1.833	-9.16
Davy	-132.58923997997795	-475.289785473847	-8.15	-11.847
Herschel	18.769260020022102	-323.7380854738469	-2.083	-5.686
Lalande	-144.92033997997783	-287.151785473847	-8.633	-4.456
Guericke	-287.4308399799779	-460.02548547384697	-14.183	-11.566
Parry	-328.81783997997786	-368.0543854738471	-15.783	-7.883
FraMauro	-360.0880399799778	-318.389985473847	-16.983	-6.061
Lansberg	-590.9969399799779	-161.18808547384697	-26.633	-0.312
Archimedes	-5.612939979977909	576.0526145261531	-3.983	29.717
Timocharis	-214.4829399799778	509.8796145261531	-13.1	26.717
Lambert	-393.12823997997793	495.2337145261529	-20.983	25.772
Pytheas	-407.4049399799778	365.03011452615306	-20.617	20.567
Euler	-587.5066399799779	547.4347145261529	-29.183	23.263
MonsVinogradov	-659.7306399799779	429.0726145261531	-32.517	22.358
Brayley	-756.4373399799779	404.58991452615305	-36.933	20.896
Diophantus	-663.4030399799778	564.951714526153	-34.3	27.619
Delisle	-651.1616399799778	618.813714526153	-34.683	29.883
Harpalus2	-553.5410399799779	1102.9341145261528	-43.633	52.732
MairanN2	-694.3166399799779	893.6068145261529	-43.633	41.597
Sharp2	-597.6099399799779	971.951514526153	-40.217	45.751
Wichmann	-842.1363399799778	-317.42088547384697	-38.133	-7.535
Norman	-668.8134399799778	-438.826885473847	-30.35	-11.781
Herigonius	-746.3428399799778	-469.230585473847	-33.933	-13.366
Letronne2	-929.4281399799779	-388.981385473847	-42.483	-10.501
Euclides	-656.4501399799778	-334.70808547384695	-29.567	-7.401